datetime,tempmax,tempmin,temp,feelslikemax,feelslikemin,feelslike,dew,humidity,precip,precipcover,snow,snowdepth,windgust,windspeed,cloudcover,visibility,solarradiation,solarenergy,uvindex,moonphase
2021-01-31,41.67999999999999,34.239999999999995,37.78,39.44,26.6,32.76,30.8,77.2,0.378,35.001999999999995,0.26,0.22000000000000003,21.9,13.34,96.78,7.62,20.160000000000004,1.72,1.0,0.42800000000000005
2021-02-28,40.83846153846154,33.323076923076925,36.715384615384615,37.30769230769231,25.23076923076923,30.45384615384615,30.04615384615385,78.41538461538461,0.3453846153846154,32.05153846153846,0.23076923076923078,0.4538461538461539,28.3375,14.73076923076923,93.47692307692309,7.415384615384616,37.95384615384615,3.276923076923077,2.0,0.49153846153846154
2021-03-31,60.42,50.1,54.82000000000001,60.42,47.28,53.839999999999996,49.32,83.64,0.742,40.0,0.0,0.0,34.025,18.439999999999998,93.94,7.56,37.82000000000001,3.2,1.8,0.41600000000000004
2021-04-30,65.7,49.050000000000004,56.5,65.7,46.71666666666667,55.26666666666667,46.11666666666667,70.73333333333333,0.36333333333333334,29.861666666666668,0.0,0.0,33.5,17.566666666666666,81.45,9.1,95.21666666666665,8.166666666666666,4.0,0.5883333333333333
2021-05-31,73.24285714285715,58.25714285714286,64.21428571428571,74.02857142857144,57.457142857142856,64.3,55.5,74.64285714285714,0.5214285714285715,28.57,0.0,0.0,29.52857142857143,14.87142857142857,86.89999999999999,9.171428571428573,106.14285714285714,9.1,4.428571428571429,0.6257142857142857
2021-06-30,82.125,68.55,74.8625,84.5125,68.55,75.75,66.025,75.475,0.6375,21.355,0.0,0.0,24.433333333333334,15.9875,82.5625,9.0125,157.1,13.5125,6.0,0.29875
2021-07-31,88.775,73.1375,79.6,93.0,73.1375,81.025,67.825,69.225,0.45375,11.98,0.0,0.0,34.075,14.9375,70.1625,9.637500000000001,113.15,9.7625,4.875,0.72125
2021-08-31,86.35000000000001,73.72500000000001,79.0,92.27499999999999,73.72500000000001,81.10000000000001,70.27499999999999,75.675,0.7116666666666668,19.445,0.0,0.0,31.61111111111111,13.733333333333334,82.60833333333333,9.441666666666668,47.71666666666667,4.116666666666666,3.0,0.45249999999999996
2021-09-30,79.93333333333334,67.61666666666666,73.60000000000001,81.53333333333335,67.61666666666666,73.83333333333333,64.25,74.15,0.645,19.445,0.0,0.0,32.833333333333336,17.666666666666668,80.03333333333333,9.366666666666667,37.266666666666666,3.133333333333333,3.0,0.54
2021-10-31,72.1,57.75,63.75,72.575,57.75,63.775,55.65,76.2,0.7875000000000001,28.125,0.0,0.0,39.6,19.925,84.825,8.675,43.075,3.7,3.25,0.6174999999999999
2021-11-30,58.25,48.0,54.099999999999994,58.25,46.9,53.4,44.85,72.4,0.355,29.165,0.0,0.0,29.7,14.0,73.15,9.350000000000001,38.85,3.3,3.5,0.63
2021-12-31,56.925,44.325,50.175,56.925,40.45,48.3,41.35,74.05,0.1525,22.9175,0.0,0.0,38.35,15.95,85.75,8.05,32.45,2.75,2.0,0.6575
