datetime,tempmax,tempmin,temp,feelslikemax,feelslikemin,feelslike,dew,humidity,precip,precipcover,snow,snowdepth,windgust,windspeed,cloudcover,visibility,solarradiation,solarenergy,uvindex,moonphase
2021-01-31,208.39999999999998,171.2,188.9,197.2,133.0,163.79999999999998,154.0,386.0,1.8900000000000001,175.01,1.3,1.1,43.8,66.7,483.9,38.1,100.80000000000001,8.6,5,2.14
2021-02-28,530.9,433.2,477.3,485.0,328.0,395.9,390.6,1019.4,4.49,416.67,3.0,5.9,226.7,191.5,1215.2,96.4,493.4,42.6,26,6.39
2021-03-31,302.1,250.5,274.1,302.1,236.4,269.2,246.6,418.2,3.71,200.0,0.0,0.0,136.1,92.19999999999999,469.7,37.8,189.10000000000002,16.0,9,2.08
2021-04-30,394.2,294.3,339.0,394.2,280.3,331.6,276.7,424.4,2.18,179.17000000000002,0.0,0.0,134.0,105.4,488.70000000000005,54.6,571.3,49.0,24,3.53
2021-05-31,512.7,407.8,449.5,518.2,402.2,450.1,388.5,522.5,3.65,199.99,0.0,0.0,206.7,104.1,608.3,64.2,743.0,63.7,31,4.38
2021-06-30,657.0,548.4,598.9,676.1,548.4,606.0,528.2,603.8,5.1,170.84,0.0,0.0,146.6,127.9,660.5,72.1,1256.8,108.1,48,2.39
2021-07-31,710.2,585.1,636.8,744.0,585.1,648.2,542.6,553.8,3.63,95.84,0.0,0.0,272.6,119.5,561.3,77.10000000000001,905.2,78.1,39,5.77
2021-08-31,1036.2,884.7,948.0,1107.3,884.7,973.2,843.3,908.1,8.540000000000001,233.34,0.0,0.0,284.5,164.8,991.3,113.30000000000001,572.6,49.4,36,5.43
2021-09-30,479.6,405.7,441.6,489.20000000000005,405.7,443.0,385.5,444.90000000000003,3.87,116.67,0.0,0.0,197.0,106.0,480.2,56.2,223.6,18.799999999999997,18,3.24
2021-10-31,288.4,231.0,255.0,290.3,231.0,255.1,222.6,304.8,3.1500000000000004,112.5,0.0,0.0,158.4,79.7,339.3,34.7,172.3,14.8,13,2.4699999999999998
2021-11-30,116.5,96.0,108.19999999999999,116.5,93.8,106.8,89.7,144.8,0.71,58.33,0.0,0.0,29.7,28.0,146.3,18.700000000000003,77.7,6.6,7,1.26
2021-12-31,227.7,177.3,200.7,227.7,161.8,193.2,165.4,296.2,0.61,91.67,0.0,0.0,76.7,63.8,343.0,32.2,129.8,11.0,8,2.63
