datetime,datetime,tempmax,tempmin,temp,feelslikemax,feelslikemin,feelslike,dew,humidity,precip,precipcover,snow,snowdepth,windgust,windspeed,cloudcover,visibility,solarradiation,solarenergy,uvindex,moonphase
2021-01-01,2021-01-01,40.8,35.9,37.6,34.8,28.7,31.8,30.3,75.8,0.81,41.67,0.0,0.0,20.8,16.2,99.6,8.3,12.8,1.2,1,0.53
2021-01-03,2021-01-03,43.0,38.9,40.6,42.7,31.8,35.9,37.1,87.7,0.28,29.17,0.0,0.0,,11.3,98.4,8.5,12.3,1.0,0,0.6
2021-01-15,2021-01-15,52.0,34.7,43.3,52.0,27.4,40.3,36.3,77.0,0.17,16.67,0.0,0.0,23.0,14.4,91.5,9.0,45.7,3.8,3,0.03
2021-01-25,2021-01-25,38.8,31.9,35.9,35.7,24.4,31.2,23.6,61.8,0.18,25.0,0.0,0.0,,10.0,99.3,8.8,20.6,1.8,1,0.44
2021-01-31,2021-01-31,33.8,29.8,31.5,32.0,20.7,24.6,26.7,83.7,0.45,62.5,1.3,1.1,,14.8,95.1,3.5,9.4,0.8,0,0.54
2021-02-01,2021-02-01,33.9,29.1,31.5,27.4,17.3,21.2,28.4,88.1,0.17,29.17,0.8,2.1,34.4,19.2,99.5,5.8,20.5,1.7,1,0.59
2021-02-02,2021-02-02,36.9,32.0,34.2,27.0,21.0,23.9,26.9,75.2,0.15,37.5,0.2,2.4,44.1,22.4,99.4,6.5,37.8,3.2,2,0.63
2021-02-07,2021-02-07,43.5,31.6,38.0,43.5,25.2,32.2,28.3,70.4,0.5,45.83,1.1,0.5,26.2,15.4,78.4,8.4,37.2,3.3,3,0.9
2021-02-10,2021-02-10,42.1,33.7,36.9,40.7,26.0,32.6,28.0,71.3,0.15,25.0,0.0,0.0,,9.5,90.6,8.1,62.5,5.3,4,1.0
2021-02-11,2021-02-11,35.7,33.0,34.4,31.7,25.1,27.5,30.5,85.8,0.2,29.17,0.0,0.0,,13.2,99.2,6.0,16.8,1.4,1,1.0
2021-02-13,2021-02-13,30.7,28.8,30.1,25.3,18.7,21.5,23.1,75.8,0.42,37.5,0.0,0.0,,13.2,99.5,7.5,22.7,1.8,1,0.02
2021-02-15,2021-02-15,41.0,35.8,37.3,39.9,27.1,32.0,31.1,78.8,0.23,12.5,0.0,0.0,,13.2,99.6,7.5,41.0,3.7,2,0.07
2021-02-16,2021-02-16,44.0,29.8,37.9,40.7,19.4,32.4,31.4,79.1,0.73,25.0,0.0,0.0,34.0,21.0,93.1,8.5,38.2,3.3,2,0.1
2021-02-18,2021-02-18,31.9,27.9,29.7,23.6,19.4,21.0,23.9,80.0,0.4,33.33,0.9,0.8,20.8,14.6,98.8,5.9,21.2,2.0,2,0.19
2021-02-22,2021-02-22,39.8,31.8,34.3,34.6,22.9,27.1,28.5,80.0,0.41,25.0,0.0,0.1,25.3,14.7,85.3,8.1,22.7,1.9,1,0.38
2021-02-26,2021-02-26,50.9,37.8,43.3,50.9,32.2,39.6,26.7,55.3,0.14,16.67,0.0,0.0,22.2,14.3,86.0,9.5,88.6,7.8,4,0.5
2021-02-27,2021-02-27,52.8,37.9,43.8,52.8,32.7,40.6,39.9,86.7,0.26,37.5,0.0,0.0,19.7,10.7,93.2,7.9,70.5,6.1,3,0.5
2021-02-28,2021-02-28,47.7,44.0,45.9,46.9,41.0,44.3,43.9,92.9,0.73,62.5,0.0,0.0,,10.1,92.6,6.7,13.7,1.1,0,0.51
2021-03-01,2021-03-01,51.0,40.9,46.7,51.0,32.8,43.6,36.7,72.8,0.38,41.67,0.0,0.0,36.9,21.8,85.2,7.5,33.9,2.9,1,0.53
2021-03-18,2021-03-18,53.1,47.0,49.7,53.1,41.0,47.9,47.9,93.5,0.38,50.0,0.0,0.0,31.6,19.2,100.0,6.7,22.3,1.8,1,0.11
2021-03-24,2021-03-24,60.0,53.8,56.6,60.0,53.8,56.6,54.4,92.3,1.61,58.33,0.0,0.0,,8.9,99.8,6.3,50.7,4.3,2,0.39
2021-03-28,2021-03-28,73.0,53.1,60.5,73.0,53.1,60.5,51.8,75.1,0.51,25.0,0.0,0.0,41.4,22.9,93.2,8.9,44.6,3.7,3,0.5
2021-03-31,2021-03-31,65.0,55.7,60.6,65.0,55.7,60.6,55.8,84.5,0.83,25.0,0.0,0.0,26.2,19.4,91.5,8.4,37.6,3.3,2,0.55
2021-04-01,2021-04-01,60.8,35.8,45.2,60.8,24.3,38.2,33.1,64.7,0.29,29.17,0.0,0.0,41.0,29.2,83.2,9.5,57.9,5.0,2,0.6
2021-04-09,2021-04-09,61.0,52.9,57.1,61.0,52.9,57.1,52.1,83.7,0.58,16.67,0.0,0.0,,11.9,99.7,9.3,44.6,4.0,2,0.97
2021-04-11,2021-04-11,78.8,60.9,68.8,78.8,60.9,68.8,56.3,67.4,0.15,25.0,0.0,0.0,31.1,17.5,79.4,9.7,164.7,14.2,7,1.0
2021-04-14,2021-04-14,62.1,51.4,56.8,62.1,51.4,56.8,51.8,83.5,0.28,50.0,0.0,0.0,,11.0,75.0,8.9,59.2,4.9,2,0.03
2021-04-24,2021-04-24,64.9,42.3,54.1,64.9,39.8,53.7,37.7,56.6,0.26,20.83,0.0,0.0,31.1,13.0,64.0,9.4,116.1,10.1,5,0.45
2021-04-25,2021-04-25,66.6,51.0,57.0,66.6,51.0,57.0,45.7,68.5,0.62,37.5,0.0,0.0,30.8,22.8,87.4,7.8,128.8,10.8,6,0.48
2021-05-04,2021-05-04,83.2,65.7,71.9,84.6,65.7,72.1,64.4,78.7,0.52,20.83,0.0,0.0,45.3,13.2,66.9,9.8,162.7,13.9,8,0.79
2021-05-07,2021-05-07,63.6,49.0,55.2,63.6,49.0,55.2,44.4,68.2,0.1,20.83,0.0,0.0,31.1,12.2,86.8,9.8,97.5,8.5,4,0.92
2021-05-24,2021-05-24,83.5,60.7,68.4,83.9,60.7,68.4,57.5,69.3,0.34,33.33,0.0,0.0,21.9,15.5,96.7,8.9,51.6,4.4,2,0.47
2021-05-26,2021-05-26,90.1,68.8,76.2,93.8,68.8,77.2,67.1,75.1,0.87,16.67,0.0,0.0,39.1,16.3,71.5,9.7,210.1,18.2,7,0.5
2021-05-28,2021-05-28,74.8,62.0,70.2,74.8,62.0,70.2,58.2,66.6,0.69,20.83,0.0,0.0,19.7,14.1,89.0,9.6,103.4,8.7,6,0.53
2021-05-29,2021-05-29,60.9,51.9,54.4,60.9,51.9,54.4,50.5,86.8,0.96,66.67,0.0,0.0,27.7,16.8,99.8,6.9,46.6,4.0,2,0.56
2021-05-30,2021-05-30,56.6,49.7,53.2,56.6,44.1,52.6,46.4,77.8,0.17,20.83,0.0,0.0,21.9,16.0,97.6,9.5,71.1,6.0,2,0.61
2021-06-03,2021-06-03,82.1,66.7,72.7,85.0,66.7,73.3,65.9,79.9,0.1,16.67,0.0,0.0,21.9,18.0,93.8,8.9,157.5,13.6,6,0.81
2021-06-10,2021-06-10,87.2,71.7,77.8,91.6,71.7,78.9,69.3,76.0,0.94,29.17,0.0,0.0,17.2,14.1,88.4,9.1,135.5,11.6,6,0.0
2021-06-11,2021-06-11,70.8,66.7,68.9,70.8,66.7,68.9,66.2,91.0,1.74,66.67,0.0,0.0,17.2,14.9,100.0,6.7,29.6,2.3,1,0.01
2021-06-14,2021-06-14,87.8,67.6,77.0,89.7,67.6,77.9,64.4,66.2,0.14,4.17,0.0,0.0,38.6,19.3,67.9,9.6,213.0,18.3,8,0.08
2021-06-15,2021-06-15,80.8,65.9,73.6,80.6,65.9,73.6,59.2,63.5,1.57,12.5,0.0,0.0,29.8,18.9,58.7,9.5,222.0,19.4,8,0.12
2021-06-20,2021-06-20,88.1,72.6,80.4,94.1,72.6,83.1,70.5,73.0,0.15,8.33,0.0,0.0,,14.9,79.5,9.3,238.9,20.5,8,0.38
2021-06-22,2021-06-22,75.5,64.3,70.2,75.5,64.3,70.2,62.7,77.9,0.33,25.0,0.0,0.0,21.9,12.8,82.5,9.3,56.9,4.8,2,0.46
2021-06-26,2021-06-26,84.7,72.9,78.3,88.8,72.9,80.1,70.0,76.3,0.13,8.33,0.0,0.0,,15.0,89.7,9.7,203.4,17.6,9,0.53
2021-07-01,2021-07-01,90.1,71.6,79.2,96.3,71.6,80.7,70.0,74.2,1.18,12.5,0.0,0.0,57.2,8.8,79.1,9.9,129.9,11.1,6,0.74
2021-07-02,2021-07-02,80.9,70.8,74.6,81.5,70.8,74.7,62.1,68.6,0.11,25.0,0.0,0.0,27.7,16.6,81.2,9.9,147.1,12.8,6,0.78
2021-07-08,2021-07-08,84.9,72.9,79.6,92.2,72.9,81.7,70.0,72.7,0.23,20.83,0.0,0.0,32.2,17.8,88.4,9.9,118.9,10.3,5,0.99
2021-07-09,2021-07-09,89.7,70.9,77.3,95.3,70.9,78.7,69.6,78.2,0.83,16.67,0.0,0.0,29.9,16.9,69.8,9.4,169.9,14.9,7,1.0
2021-07-21,2021-07-21,88.7,75.3,81.2,93.8,75.3,82.4,65.7,60.0,0.41,4.17,0.0,0.0,50.6,19.1,41.6,8.8,163.7,14.0,5,0.45
2021-07-26,2021-07-26,96.0,74.6,82.6,98.5,74.6,84.5,69.3,67.0,0.27,4.17,0.0,0.0,32.3,13.8,75.3,9.6,58.2,4.9,3,0.54
2021-07-28,2021-07-28,92.8,75.3,83.1,93.6,75.3,83.9,64.8,56.0,0.4,4.17,0.0,0.0,19.7,12.4,40.4,9.8,73.8,6.3,5,0.61
2021-07-29,2021-07-29,87.1,73.7,79.2,92.8,73.7,81.6,71.1,77.1,0.2,8.33,0.0,0.0,23.0,14.1,85.5,9.8,43.7,3.8,2,0.66
2021-08-01,2021-08-01,80.5,70.8,74.4,82.9,70.8,74.5,67.3,79.0,0.41,25.0,0.0,0.0,25.3,13.2,92.2,9.3,31.6,3.0,1,0.8
2021-08-07,2021-08-07,76.8,69.5,72.5,76.8,69.5,72.5,65.9,80.0,0.25,12.5,0.0,0.0,,9.4,92.1,9.8,24.0,2.1,1,1.0
2021-08-10,2021-08-10,92.9,75.8,81.7,103.1,75.8,84.5,72.1,74.0,0.61,8.33,0.0,0.0,44.7,23.5,54.5,9.8,65.6,5.6,5,0.02
2021-08-13,2021-08-13,96.0,74.7,84.7,102.5,74.7,89.4,71.2,66.0,0.1,16.67,0.0,0.0,34.4,15.3,78.2,9.9,67.2,5.8,5,0.13
2021-08-15,2021-08-15,82.7,72.8,77.3,83.8,72.8,77.6,65.2,67.6,2.47,29.17,0.0,0.0,32.2,12.9,92.1,9.3,52.9,4.5,3,0.24
2021-08-16,2021-08-16,82.7,73.3,76.8,87.3,73.3,77.1,69.7,79.2,0.69,37.5,0.0,0.0,21.9,9.9,97.2,9.5,34.4,2.8,1,0.3
2021-08-17,2021-08-17,87.0,72.8,80.0,96.2,72.8,83.6,72.9,79.9,0.62,16.67,0.0,0.0,36.7,10.0,89.6,9.6,40.1,3.4,1,0.35
2021-08-18,2021-08-18,87.0,78.8,82.4,97.3,78.8,87.9,75.5,79.9,0.33,12.5,0.0,0.0,30.8,20.0,82.5,9.8,48.7,4.1,3,0.4
2021-08-20,2021-08-20,83.5,71.0,77.3,86.0,71.0,77.8,69.0,76.7,2.14,37.5,0.0,0.0,,13.1,91.8,8.4,49.9,4.3,3,0.48
2021-08-21,2021-08-21,85.7,74.4,79.9,90.1,74.4,81.7,69.6,71.4,0.11,8.33,0.0,0.0,,9.5,83.8,9.9,37.4,3.3,1,0.49
2021-08-26,2021-08-26,90.2,75.5,80.3,100.2,75.5,83.2,71.9,76.1,0.52,16.67,0.0,0.0,26.8,14.9,80.7,8.9,67.7,5.9,6,0.59
2021-08-27,2021-08-27,91.2,75.3,80.7,101.1,75.3,83.4,73.0,78.3,0.29,12.5,0.0,0.0,31.7,13.1,56.6,9.1,53.1,4.6,6,0.63
2021-09-01,2021-09-01,83.6,67.8,76.8,89.2,67.8,77.7,71.4,83.7,1.18,25.0,0.0,0.0,40.3,24.2,93.0,9.3,21.6,1.7,1,0.86
2021-09-02,2021-09-02,78.9,62.8,71.0,78.9,62.8,71.0,52.7,54.6,0.1,4.17,0.0,0.0,32.2,16.7,25.7,9.9,71.1,6.1,9,0.9
2021-09-09,2021-09-09,78.7,68.8,72.8,78.7,68.8,72.8,63.0,72.5,0.25,8.33,0.0,0.0,23.0,14.2,87.5,9.5,27.9,2.3,1,0.04
2021-09-16,2021-09-16,82.8,72.8,75.7,86.8,72.8,76.2,67.7,76.8,0.77,25.0,0.0,0.0,29.8,10.0,92.9,9.5,31.0,2.7,2,0.39
2021-09-22,2021-09-22,79.9,71.7,75.1,79.9,71.7,75.1,70.1,84.4,0.36,25.0,0.0,0.0,41.4,20.2,91.5,9.6,24.1,1.9,1,0.52
2021-09-23,2021-09-23,75.7,61.8,70.2,75.7,61.8,70.2,60.6,72.9,1.21,29.17,0.0,0.0,30.3,20.7,89.6,8.4,47.9,4.1,4,0.53
2021-10-16,2021-10-16,80.8,58.6,68.0,82.7,58.6,68.1,59.5,74.7,0.3,12.5,0.0,0.0,33.0,18.2,69.0,9.3,29.4,2.4,2,0.42
2021-10-25,2021-10-25,79.9,61.8,67.5,79.9,61.8,67.5,59.1,75.7,1.31,25.0,0.0,0.0,45.9,14.4,85.3,8.9,66.8,5.8,6,0.61
2021-10-26,2021-10-26,65.8,53.8,60.1,65.8,53.8,60.1,48.7,67.9,0.31,12.5,0.0,0.0,42.6,25.6,85.2,9.7,69.3,6.0,5,0.65
2021-10-29,2021-10-29,61.9,56.8,59.4,61.9,56.8,59.4,55.3,86.5,1.23,62.5,0.0,0.0,36.9,21.5,99.8,6.8,6.8,0.6,0,0.79
2021-11-02,2021-11-02,51.6,45.7,48.8,51.6,43.5,47.4,41.6,76.3,0.11,25.0,0.0,0.0,,12.0,87.9,9.8,15.5,1.3,1,0.96
2021-11-12,2021-11-12,64.9,50.3,59.4,64.9,50.3,59.4,48.1,68.5,0.6,33.33,0.0,0.0,29.7,16.0,58.4,8.9,62.2,5.3,6,0.3
2021-12-11,2021-12-11,69.1,47.8,58.6,69.1,45.9,58.3,51.4,78.0,0.16,12.5,0.0,0.0,42.0,23.9,98.8,9.3,14.2,1.2,1,0.27
2021-12-22,2021-12-22,50.9,34.7,41.5,50.9,26.1,36.0,26.1,58.5,0.19,41.67,0.0,0.0,34.7,22.4,49.2,8.2,74.8,6.3,5,0.55
2021-12-29,2021-12-29,53.8,47.8,50.2,53.8,45.4,49.2,40.5,70.1,0.11,12.5,0.0,0.0,,9.9,97.5,9.4,24.3,2.1,1,0.88
2021-12-30,2021-12-30,53.9,47.0,50.4,53.9,44.4,49.7,47.4,89.6,0.15,25.0,0.0,0.0,,7.6,97.5,5.3,16.5,1.4,1,0.93
